15 0.40625 0.5889423076923077 0.1310096153846154 0.1935096153846154
15 0.5204326923076923 0.6057692307692307 0.09014423076923077 0.09975961538461539
15 0.6045673076923077 0.6466346153846154 0.08774038461538461 0.08173076923076923
15 0.6971153846153846 0.6286057692307693 0.0985576923076923 0.078125
15 0.8990384615384616 0.4807692307692308 0.06971153846153846 0.05048076923076923
15 0.84375 0.42788461538461536 0.0829326923076923 0.09975961538461539
15 0.7872596153846154 0.6153846153846154 0.08533653846153846 0.09375
15 0.8689903846153846 0.6454326923076923 0.08052884615384616 0.078125
15 0.9423076923076923 0.6358173076923077 0.09375 0.08774038461538461
15 0.10096153846153846 0.43990384615384615 0.07451923076923077 0.08413461538461539
14 0.24879807692307693 0.7019230769230769 0.19951923076923078 0.4362980769230769
15 0.7896634615384616 0.5324519230769231 0.11778846153846154 0.06971153846153846
15 0.04326923076923077 0.7463942307692307 0.08653846153846154 0.23317307692307693