15 0.9014423076923077 0.3293269230769231 0.1814903846153846 0.29086538461538464
14 0.6634615384615384 0.39783653846153844 0.09975961538461539 0.43149038461538464
14 0.41346153846153844 0.4639423076923077 0.11658653846153846 0.2127403846153846
14 0.3125 0.34375 0.08173076923076923 0.41586538461538464
14 0.36899038461538464 0.3786057692307692 0.06610576923076923 0.27163461538461536
14 0.3762019230769231 0.27884615384615385 0.07211538461538461 0.2536057692307692
14 0.5372596153846154 0.30288461538461536 0.057692307692307696 0.21634615384615385
14 0.15745192307692307 0.2920673076923077 0.07451923076923077 0.17908653846153846
14 0.08173076923076923 0.3425480769230769 0.09975961538461539 0.45552884615384615
15 0.6153846153846154 0.23677884615384615 0.08653846153846154 0.203125
8 0.16826923076923078 0.32572115384615385 0.07211538461538461 0.12259615384615384
8 0.24158653846153846 0.3161057692307692 0.07211538461538461 0.1045673076923077
14 0.46153846153846156 0.26322115384615385 0.09014423076923077 0.27524038461538464
14 0.7536057692307693 0.3088942307692308 0.08052884615384616 0.2776442307692308
14 0.7860576923076923 0.29447115384615385 0.03245192307692308 0.1622596153846154
14 0.7247596153846154 0.22115384615384615 0.026442307692307692 0.06370192307692307
14 0.6887019230769231 0.21153846153846154 0.06610576923076923 0.1141826923076923
14 0.5084134615384616 0.41947115384615385 0.12620192307692307 0.2644230769230769