14 0.7415865384615384 0.53125 0.5120192307692307 0.5973557692307693
14 0.22235576923076922 0.4951923076923077 0.44350961538461536 0.5576923076923077
10 0.4987980769230769 0.8689903846153846 0.9975961538461539 0.25600961538461536
14 0.5504807692307693 0.5228365384615384 0.20192307692307693 0.5072115384615384
14 0.5084134615384616 0.2980769230769231 0.19230769230769232 0.33052884615384615
14 0.2439903846153846 0.2608173076923077 0.07572115384615384 0.2932692307692308
14 0.2692307692307692 0.2824519230769231 0.12259615384615384 0.2980769230769231
14 0.6286057692307693 0.390625 0.06971153846153846 0.15144230769230768
14 0.9735576923076923 0.3449519230769231 0.04807692307692308 0.08774038461538461
14 0.3954326923076923 0.3786057692307692 0.051682692307692304 0.15504807692307693
14 0.3125 0.4387019230769231 0.07572115384615384 0.14182692307692307