6 0.9879807692307693 0.29447115384615385 0.020432692307692308 0.042067307692307696
6 0.9603365384615384 0.2956730769230769 0.04447115384615385 0.038461538461538464
6 0.9194711538461539 0.29927884615384615 0.057692307692307696 0.04447115384615385
6 0.8365384615384616 0.3004807692307692 0.051682692307692304 0.02403846153846154
6 0.7584134615384616 0.32572115384615385 0.12259615384615384 0.08653846153846154
6 0.6658653846153846 0.3076923076923077 0.1201923076923077 0.06850961538461539
6 0.5612980769230769 0.3088942307692308 0.09014423076923077 0.02403846153846154
6 0.24158653846153846 0.3473557692307692 0.27403846153846156 0.15865384615384615
6 0.02283653846153846 0.37740384615384615 0.04567307692307692 0.08173076923076923
6 0.039663461538461536 0.4855769230769231 0.07932692307692307 0.14903846153846154
6 0.8569711538461539 0.34134615384615385 0.11778846153846154 0.0985576923076923
6 0.9375 0.38461538461538464 0.12259615384615384 0.14423076923076922
6 0.5432692307692307 0.5 0.6057692307692307 0.375