14 0.4831730769230769 0.31009615384615385 0.10216346153846154 0.34975961538461536
14 0.7740384615384616 0.5108173076923077 0.28846153846153844 0.40384615384615385
14 0.7584134615384616 0.59375 0.4182692307692308 0.5180288461538461
14 0.5685096153846154 0.5564903846153846 0.18990384615384615 0.49759615384615385
14 0.40865384615384615 0.5649038461538461 0.16947115384615385 0.5901442307692307
14 0.19951923076923078 0.671875 0.3798076923076923 0.6502403846153846
10 0.6225961538461539 0.8786057692307693 0.75 0.23677884615384615
14 0.8990384615384616 0.4230769230769231 0.10576923076923077 0.1466346153846154
14 0.8305288461538461 0.36778846153846156 0.0625 0.1201923076923077
14 0.05048076923076923 0.46153846153846156 0.036057692307692304 0.10817307692307693
14 0.1778846153846154 0.5204326923076923 0.3557692307692308 0.71875