6 0.027644230769230768 0.17908653846153846 0.055288461538461536 0.0889423076923077
6 0.08173076923076923 0.17908653846153846 0.10817307692307693 0.09014423076923077
6 0.18870192307692307 0.17548076923076922 0.14543269230769232 0.11778846153846154
6 0.28125 0.13942307692307693 0.11057692307692307 0.125
14 0.25721153846153844 0.15865384615384615 0.026442307692307692 0.1310096153846154
14 0.2848557692307692 0.15985576923076922 0.038461538461538464 0.12740384615384615
6 0.3701923076923077 0.12980769230769232 0.08774038461538461 0.07211538461538461
6 0.4338942307692308 0.12379807692307693 0.04447115384615385 0.06129807692307692
6 0.47475961538461536 0.11778846153846154 0.06610576923076923 0.08533653846153846
6 0.6382211538461539 0.14182692307692307 0.11658653846153846 0.09014423076923077
6 0.7632211538461539 0.14903846153846154 0.17427884615384615 0.10096153846153846
6 0.9134615384615384 0.14182692307692307 0.16826923076923078 0.13341346153846154
13 0.4675480769230769 0.6117788461538461 0.6201923076923077 0.6802884615384616
14 0.5132211538461539 0.4831730769230769 0.31009615384615385 0.8858173076923077