10 0.6730769230769231 0.9122596153846154 0.4182692307692308 0.17067307692307693
8 0.4014423076923077 0.9771634615384616 0.12259615384615384 0.039663461538461536
8 0.4699519230769231 0.8713942307692307 0.1201923076923077 0.2512019230769231
15 0.7391826923076923 0.6153846153846154 0.3858173076923077 0.40625
15 0.234375 0.6382211538461539 0.1045673076923077 0.3233173076923077
8 0.3918269230769231 0.6646634615384616 0.12379807692307693 0.19471153846153846
8 0.5492788461538461 0.6646634615384616 0.12259615384615384 0.18990384615384615
17 0.46153846153846156 0.53125 0.17427884615384615 0.109375
15 0.4495192307692308 0.5348557692307693 0.054086538461538464 0.11778846153846154
15 0.5661057692307693 0.4963942307692308 0.039663461538461536 0.03485576923076923
8 0.2512019230769231 0.6225961538461539 0.13341346153846154 0.1814903846153846
8 0.2848557692307692 0.5877403846153846 0.11057692307692307 0.15504807692307693
15 0.3076923076923077 0.4855769230769231 0.1045673076923077 0.15745192307692307