4 0.9783653846153846 0.7391826923076923 0.037259615384615384 0.06610576923076923
4 0.953125 0.71875 0.08774038461538461 0.09375
4 0.9146634615384616 0.7139423076923077 0.09615384615384616 0.08413461538461539
4 0.8737980769230769 0.7079326923076923 0.0985576923076923 0.08413461538461539
4 0.8305288461538461 0.7067307692307693 0.109375 0.07451923076923077
4 0.9675480769230769 0.84375 0.05889423076923077 0.08413461538461539
4 0.9423076923076923 0.8401442307692307 0.09375 0.08413461538461539
4 0.9026442307692307 0.8317307692307693 0.0985576923076923 0.08052884615384616
4 0.8569711538461539 0.8257211538461539 0.109375 0.08052884615384616
4 0.8197115384615384 0.8197115384615384 0.1045673076923077 0.07211538461538461
4 0.8389423076923077 0.9375 0.109375 0.08052884615384616