8 0.5853365384615384 0.34615384615384615 0.10216346153846154 0.33653846153846156
8 0.3798076923076923 0.22235576923076922 0.08774038461538461 0.1141826923076923
8 0.2932692307692308 0.25961538461538464 0.08173076923076923 0.1045673076923077
8 0.22956730769230768 0.4110576923076923 0.11658653846153846 0.3737980769230769
8 0.15144230769230768 0.46274038461538464 0.1658653846153846 0.4182692307692308
8 0.3485576923076923 0.6201923076923077 0.3016826923076923 0.5576923076923077
8 0.8137019230769231 0.31850961538461536 0.12379807692307693 0.2956730769230769
8 0.7884615384615384 0.33052884615384615 0.1045673076923077 0.22355769230769232
8 0.7415865384615384 0.46274038461538464 0.2283653846153846 0.43990384615384615
8 0.7247596153846154 0.5408653846153846 0.265625 0.5492788461538461
10 0.4579326923076923 0.5 0.6358173076923077 0.4723557692307692