8 0.2127403846153846 0.7512019230769231 0.4254807692307692 0.49278846153846156
8 0.203125 0.796875 0.12980769230769232 0.24278846153846154
8 0.8401442307692307 0.7764423076923077 0.15625 0.36899038461538464
14 0.1971153846153846 0.640625 0.29447115384615385 0.5552884615384616
14 0.0625 0.46875 0.12379807692307693 0.9375
14 0.5985576923076923 0.4987980769230769 0.5420673076923077 0.9975961538461539
19 0.8149038461538461 0.6081730769230769 0.22956730769230768 0.3088942307692308
4 0.7584134615384616 0.4170673076923077 0.020432692307692308 0.09014423076923077
14 0.21033653846153846 0.27884615384615385 0.03245192307692308 0.22235576923076922
14 0.16706730769230768 0.28125 0.054086538461538464 0.21875
14 0.14543269230769232 0.18509615384615385 0.04447115384615385 0.16466346153846154