8 0.6658653846153846 0.6225961538461539 0.19230769230769232 0.23677884615384615
8 0.052884615384615384 0.36538461538461536 0.09375 0.10697115384615384
8 0.2704326923076923 0.6346153846153846 0.10576923076923077 0.4050480769230769
8 0.5132211538461539 0.6911057692307693 0.4254807692307692 0.2127403846153846
10 0.5492788461538461 0.796875 0.8942307692307693 0.40024038461538464
14 0.8137019230769231 0.5096153846153846 0.36778846153846156 0.4795673076923077
14 0.4675480769230769 0.5096153846153846 0.33774038461538464 0.5757211538461539
14 0.2848557692307692 0.5733173076923077 0.5697115384615384 0.8533653846153846
8 0.6778846153846154 0.4182692307692308 0.08774038461538461 0.1814903846153846
8 0.5685096153846154 0.3954326923076923 0.09254807692307693 0.1466346153846154
8 0.6995192307692307 0.36658653846153844 0.05048076923076923 0.0829326923076923
8 0.6346153846153846 0.40024038461538464 0.07451923076923077 0.13341346153846154
4 0.6658653846153846 0.30528846153846156 0.015625 0.05048076923076923