4 0.09495192307692307 0.8040865384615384 0.12259615384615384 0.3870192307692308
4 0.28966346153846156 0.6069711538461539 0.06850961538461539 0.19951923076923078
4 0.4362980769230769 0.5733173076923077 0.056490384615384616 0.2980769230769231
4 0.4675480769230769 0.6634615384615384 0.08413461538461539 0.3629807692307692
8 0.8125 0.48677884615384615 0.1875 0.3329326923076923
8 0.5757211538461539 0.2704326923076923 0.08052884615384616 0.1310096153846154
10 0.4362980769230769 0.7872596153846154 0.8677884615384616 0.421875
14 0.10817307692307693 0.4987980769230769 0.21634615384615385 0.5757211538461539
14 0.6610576923076923 0.3918269230769231 0.34975961538461536 0.5012019230769231
14 0.7932692307692307 0.5745192307692307 0.4098557692307692 0.8449519230769231
14 0.8064903846153846 0.17427884615384615 0.2980769230769231 0.3389423076923077
14 0.8641826923076923 0.09615384615384616 0.16346153846153846 0.1814903846153846
14 0.6322115384615384 0.09735576923076923 0.14783653846153846 0.19471153846153846