6 0.2439903846153846 0.2704326923076923 0.17548076923076922 0.18389423076923078
13 0.5288461538461539 0.5901442307692307 0.9375 0.8137019230769231
13 0.078125 0.5889423076923077 0.15625 0.5973557692307693
13 0.5853365384615384 0.328125 0.13822115384615385 0.19230769230769232
6 0.4375 0.21153846153846154 0.06971153846153846 0.06129807692307692
13 0.8245192307692307 0.38341346153846156 0.13822115384615385 0.31490384615384615
13 0.4987980769230769 0.32572115384615385 0.08653846153846154 0.22355769230769232
14 0.4182692307692308 0.6466346153846154 0.23197115384615385 0.7019230769230769
14 0.12740384615384615 0.328125 0.1875 0.4266826923076923
14 0.3545673076923077 0.3016826923076923 0.14543269230769232 0.421875
14 0.9314903846153846 0.34375 0.13341346153846154 0.6826923076923077
14 0.7331730769230769 0.19591346153846154 0.04567307692307692 0.1141826923076923
14 0.6646634615384616 0.21634615384615385 0.07451923076923077 0.15504807692307693
14 0.5985576923076923 0.24759615384615385 0.05048076923076923 0.14903846153846154
14 0.5552884615384616 0.20552884615384615 0.03365384615384615 0.05889423076923077