12 0.5024038461538461 0.5540865384615384 0.0829326923076923 0.14423076923076922
12 0.5841346153846154 0.5456730769230769 0.09014423076923077 0.14783653846153846
12 0.6502403846153846 0.5228365384615384 0.07451923076923077 0.12259615384615384
12 0.7668269230769231 0.5637019230769231 0.109375 0.14423076923076922
12 0.8629807692307693 0.546875 0.1141826923076923 0.13341346153846154
12 0.8317307692307693 0.4411057692307692 0.09615384615384616 0.10576923076923077
12 0.71875 0.4879807692307692 0.06610576923076923 0.12379807692307693
12 0.6610576923076923 0.45072115384615385 0.08533653846153846 0.06610576923076923
12 0.2848557692307692 0.4795673076923077 0.042067307692307696 0.12980769230769232
12 0.3449519230769231 0.5300480769230769 0.08774038461538461 0.15144230769230768
12 0.03485576923076923 0.43509615384615385 0.06971153846153846 0.12980769230769232
14 0.03365384615384615 0.3737980769230769 0.06129807692307692 0.06009615384615385
14 0.2848557692307692 0.43028846153846156 0.042067307692307696 0.08052884615384616
14 0.34375 0.47836538461538464 0.07451923076923077 0.08052884615384616
14 0.5072115384615384 0.49158653846153844 0.07451923076923077 0.08413461538461539
14 0.5889423076923077 0.48197115384615385 0.06370192307692307 0.056490384615384616
14 0.6550480769230769 0.4735576923076923 0.07211538461538461 0.08052884615384616
14 0.7680288461538461 0.5048076923076923 0.10697115384615384 0.09014423076923077
14 0.8605769230769231 0.49399038461538464 0.0829326923076923 0.07572115384615384
14 0.8365384615384616 0.40024038461538464 0.08774038461538461 0.09254807692307693
14 0.6778846153846154 0.41466346153846156 0.052884615384615384 0.054086538461538464
14 0.7247596153846154 0.4074519230769231 0.042067307692307696 0.038461538461538464