14 0.43149038461538464 0.7247596153846154 0.3401442307692308 0.5444711538461539
14 0.46274038461538464 0.6682692307692307 0.5300480769230769 0.6262019230769231
14 0.2127403846153846 0.3389423076923077 0.08173076923076923 0.13341346153846154
14 0.23557692307692307 0.3557692307692308 0.12379807692307693 0.17307692307692307
14 0.30408653846153844 0.43149038461538464 0.171875 0.18629807692307693
14 0.3942307692307692 0.4543269230769231 0.11177884615384616 0.19471153846153846
14 0.12620192307692307 0.6694711538461539 0.25240384615384615 0.5925480769230769
14 0.06129807692307692 0.4230769230769231 0.12259615384615384 0.17307692307692307
14 0.026442307692307692 0.36177884615384615 0.051682692307692304 0.17908653846153846
8 0.09254807692307693 0.828125 0.18389423076923078 0.3389423076923077
8 0.20072115384615385 0.9266826923076923 0.09014423076923077 0.14182692307692307
10 0.7668269230769231 0.8377403846153846 0.46153846153846156 0.31971153846153844
4 0.8161057692307693 0.6850961538461539 0.04447115384615385 0.10697115384615384
10 0.2439903846153846 0.6478365384615384 0.2439903846153846 0.47475961538461536