8 0.7367788461538461 0.6502403846153846 0.1502403846153846 0.24519230769230768
8 0.6995192307692307 0.6298076923076923 0.12980769230769232 0.2127403846153846
8 0.5036057692307693 0.7079326923076923 0.13942307692307693 0.24879807692307693
8 0.2764423076923077 0.65625 0.15384615384615385 0.23317307692307693
8 0.29447115384615385 0.6274038461538461 0.13341346153846154 0.20673076923076922
15 0.6730769230769231 0.5504807692307693 0.13341346153846154 0.13822115384615385
15 0.3485576923076923 0.5877403846153846 0.12980769230769232 0.19471153846153846
17 0.5120192307692307 0.6021634615384616 0.19230769230769232 0.1971153846153846
15 0.5985576923076923 0.4735576923076923 0.06370192307692307 0.042067307692307696
15 0.421875 0.47716346153846156 0.051682692307692304 0.056490384615384616
15 0.6923076923076923 0.41586538461538464 0.15144230769230768 0.17908653846153846
15 0.3473557692307692 0.4206730769230769 0.24158653846153846 0.20673076923076922