10 0.5456730769230769 0.6995192307692307 0.41947115384615385 0.5949519230769231
14 0.796875 0.7872596153846154 0.2536057692307692 0.421875
8 0.9543269230769231 0.921875 0.08774038461538461 0.15144230769230768
8 0.1778846153846154 0.8377403846153846 0.06009615384615385 0.31971153846153844
14 0.30528846153846156 0.5733173076923077 0.15384615384615385 0.3088942307692308
14 0.14302884615384615 0.5625 0.12259615384615384 0.5168269230769231
14 0.3798076923076923 0.5528846153846154 0.11658653846153846 0.2956730769230769
14 0.6899038461538461 0.6622596153846154 0.21153846153846154 0.39783653846153844
14 0.6466346153846154 0.53125 0.14543269230769232 0.203125
14 0.6466346153846154 0.45913461538461536 0.05048076923076923 0.15985576923076922
14 0.41586538461538464 0.46033653846153844 0.06850961538461539 0.15745192307692307
14 0.6165865384615384 0.47836538461538464 0.051682692307692304 0.17307692307692307
14 0.4014423076923077 0.3605769230769231 0.06009615384615385 0.10096153846153846
14 0.6105769230769231 0.37740384615384615 0.036057692307692304 0.04567307692307692
14 0.5901442307692307 0.39903846153846156 0.036057692307692304 0.1310096153846154
14 0.5625 0.3737980769230769 0.020432692307692308 0.09014423076923077
8 0.9278846153846154 0.84375 0.08052884615384616 0.30649038461538464
14 0.4639423076923077 0.38100961538461536 0.020432692307692308 0.042067307692307696
14 0.4411057692307692 0.3762019230769231 0.03365384615384615 0.03245192307692308
14 0.35096153846153844 0.7644230769230769 0.3016826923076923 0.46634615384615385
15 0.140625 0.5408653846153846 0.1622596153846154 0.33052884615384615