10 0.4951923076923077 0.8004807692307693 0.4338942307692308 0.39302884615384615
8 0.37259615384615385 0.8737980769230769 0.2764423076923077 0.24639423076923078
8 0.9387019230769231 0.890625 0.11778846153846154 0.2127403846153846
8 0.9122596153846154 0.7151442307692307 0.056490384615384616 0.2403846153846154
4 0.5216346153846154 0.6009615384615384 0.036057692307692304 0.19230769230769232
14 0.640625 0.37259615384615385 0.39783653846153844 0.5528846153846154
19 0.5204326923076923 0.4074519230769231 0.15745192307692307 0.16466346153846154
14 0.734375 0.6875 0.3245192307692308 0.6189903846153846
14 0.1971153846153846 0.5853365384615384 0.29447115384615385 0.8233173076923077
14 0.3581730769230769 0.49158653846153844 0.1875 0.3449519230769231
4 0.46634615384615385 0.5588942307692307 0.036057692307692304 0.08413461538461539
8 0.03365384615384615 0.7331730769230769 0.051682692307692304 0.3125