10 0.5661057692307693 0.7632211538461539 0.3798076923076923 0.46875
14 0.9447115384615384 0.6478365384615384 0.10576923076923077 0.4855769230769231
14 0.6165865384615384 0.6225961538461539 0.2800480769230769 0.7487980769230769
8 0.6514423076923077 0.7127403846153846 0.3641826923076923 0.5685096153846154
14 0.25240384615384615 0.6177884615384616 0.5036057692307693 0.7596153846153846
15 0.47596153846153844 0.15144230769230768 0.1201923076923077 0.30288461538461536
4 0.21033653846153846 0.2283653846153846 0.06009615384615385 0.2644230769230769
4 0.16947115384615385 0.25600961538461536 0.057692307692307696 0.22355769230769232
4 0.07572115384615384 0.2764423076923077 0.051682692307692304 0.23197115384615385
4 0.06370192307692307 0.17307692307692307 0.06370192307692307 0.20793269230769232
4 0.1346153846153846 0.18028846153846154 0.018028846153846152 0.07692307692307693
4 0.13942307692307693 0.14783653846153846 0.027644230769230768 0.109375
4 0.16346153846153846 0.13822115384615385 0.030048076923076924 0.10096153846153846
4 0.22235576923076922 0.19591346153846154 0.04807692307692308 0.24278846153846154