4 0.5444711538461539 0.6021634615384616 0.036057692307692304 0.09014423076923077
4 0.6009615384615384 0.45913461538461536 0.026442307692307692 0.05889423076923077
4 0.5216346153846154 0.5576923076923077 0.03245192307692308 0.07451923076923077
4 0.5709134615384616 0.5697115384615384 0.021634615384615384 0.056490384615384616
4 0.43149038461538464 0.5769230769230769 0.018028846153846152 0.05048076923076923
14 0.6838942307692307 0.42788461538461536 0.11177884615384616 0.3125
14 0.6598557692307693 0.6814903846153846 0.19230769230769232 0.45552884615384615
14 0.3701923076923077 0.5841346153846154 0.1201923076923077 0.2127403846153846
14 0.4254807692307692 0.49038461538461536 0.036057692307692304 0.06971153846153846
14 0.4963942307692308 0.515625 0.12379807692307693 0.21033653846153846
14 0.6334134615384616 0.5649038461538461 0.10216346153846154 0.14903846153846154