8 0.6117788461538461 0.5600961538461539 0.7716346153846154 0.8725961538461539
8 0.4543269230769231 0.48677884615384615 0.8197115384615384 0.8521634615384616
8 0.20552884615384615 0.17548076923076922 0.4110576923076923 0.35096153846153844
8 0.12379807692307693 0.16826923076923078 0.24759615384615385 0.33653846153846156
8 0.328125 0.35336538461538464 0.65625 0.7067307692307693
8 0.042067307692307696 0.09254807692307693 0.08413461538461539 0.18509615384615385
14 0.1971153846153846 0.38341346153846156 0.3942307692307692 0.5348557692307693
14 0.3125 0.17427884615384615 0.49038461538461536 0.2980769230769231
14 0.3389423076923077 0.38461538461538464 0.6225961538461539 0.6129807692307693
14 0.44350961538461536 0.47596153846153844 0.6262019230769231 0.7487980769230769
14 0.65625 0.5564903846153846 0.5925480769230769 0.8810096153846154