15 0.7848557692307693 0.3389423076923077 0.2620192307692308 0.3942307692307692
8 0.7019230769230769 0.8028846153846154 0.2403846153846154 0.3894230769230769
14 0.6334134615384616 0.5108173076923077 0.17548076923076922 0.2800480769230769
14 0.3449519230769231 0.6790865384615384 0.22235576923076922 0.5997596153846154
14 0.16706730769230768 0.42908653846153844 0.08173076923076923 0.2668269230769231
14 0.20192307692307693 0.4026442307692308 0.02403846153846154 0.04807692307692308
14 0.234375 0.4423076923076923 0.04807692307692308 0.11778846153846154
14 0.2704326923076923 0.41466346153846156 0.04567307692307692 0.05048076923076923
14 0.31850961538461536 0.4074519230769231 0.03365384615384615 0.052884615384615384
14 0.4026442307692308 0.4254807692307692 0.038461538461538464 0.09375
14 0.43509615384615385 0.41346153846153844 0.021634615384615384 0.037259615384615384
14 0.4651442307692308 0.4266826923076923 0.038461538461538464 0.06971153846153846
14 0.5444711538461539 0.421875 0.057692307692307696 0.09014423076923077
8 0.27884615384615385 0.7800480769230769 0.27403846153846156 0.43509615384615385
8 0.9459134615384616 0.8269230769230769 0.1045673076923077 0.34134615384615385
8 0.9627403846153846 0.5841346153846154 0.06971153846153846 0.14423076923076922
8 0.7740384615384616 0.5733173076923077 0.11177884615384616 0.13822115384615385
8 0.04807692307692308 0.5084134615384616 0.051682692307692304 0.14182692307692307
8 0.1045673076923077 0.49759615384615385 0.051682692307692304 0.1310096153846154
8 0.2283653846153846 0.4951923076923077 0.056490384615384616 0.1141826923076923
8 0.4110576923076923 0.46274038461538464 0.026442307692307692 0.07692307692307693
4 0.5384615384615384 0.5360576923076923 0.039663461538461536 0.15985576923076922
4 0.49158653846153844 0.4855769230769231 0.020432692307692308 0.06370192307692307