8 0.47716346153846156 0.7908653846153846 0.12980769230769232 0.21634615384615385
8 0.37740384615384615 0.8413461538461539 0.14543269230769232 0.19471153846153846
8 0.23557692307692307 0.8088942307692307 0.13942307692307693 0.20552884615384615
8 0.3076923076923077 0.9651442307692307 0.27163461538461536 0.06370192307692307
8 0.8918269230769231 0.9663461538461539 0.18028846153846154 0.06129807692307692
8 0.8365384615384616 0.9110576923076923 0.21995192307692307 0.17307692307692307
8 0.7536057692307693 0.8882211538461539 0.13581730769230768 0.21875
8 0.7175480769230769 0.8425480769230769 0.15985576923076922 0.22956730769230768
8 0.6634615384615384 0.7944711538461539 0.10576923076923077 0.18629807692307693
8 0.046875 0.7199519230769231 0.09375 0.18629807692307693
10 0.8173076923076923 0.78125 0.11778846153846154 0.11778846153846154
10 0.890625 0.8257211538461539 0.13341346153846154 0.1466346153846154
10 0.9495192307692307 0.9170673076923077 0.0985576923076923 0.15985576923076922
17 0.8100961538461539 0.71875 0.3762019230769231 0.17908653846153846
17 0.33533653846153844 0.6959134615384616 0.3581730769230769 0.11177884615384616
8 0.04326923076923077 0.6658653846153846 0.06971153846153846 0.07211538461538461