16 0.7055288461538461 0.41225961538461536 0.09014423076923077 0.07211538461538461
16 0.5661057692307693 0.4110576923076923 0.08052884615384616 0.08533653846153846
16 0.3004807692307692 0.43028846153846156 0.078125 0.06610576923076923
16 0.39783653846153844 0.43149038461538464 0.056490384615384616 0.06971153846153846
16 0.9423076923076923 0.39903846153846156 0.06850961538461539 0.07692307692307693
16 0.11177884615384616 0.375 0.06850961538461539 0.056490384615384616
16 0.24158653846153846 0.36658653846153844 0.07211538461538461 0.05048076923076923
16 0.2704326923076923 0.38341346153846156 0.051682692307692304 0.06370192307692307
16 0.30649038461538464 0.36778846153846156 0.051682692307692304 0.05889423076923077
16 0.49399038461538464 0.36658653846153844 0.051682692307692304 0.05048076923076923
16 0.5793269230769231 0.36177884615384615 0.026442307692307692 0.06129807692307692
16 0.5240384615384616 0.3076923076923077 0.020432692307692308 0.04567307692307692
16 0.5769230769230769 0.33774038461538464 0.042067307692307696 0.04567307692307692
16 0.5612980769230769 0.32091346153846156 0.038461538461538464 0.056490384615384616