1 0.31850961538461536 0.6850961538461539 0.421875 0.34615384615384615
6 0.6862980769230769 0.6057692307692307 0.09615384615384616 0.06971153846153846
6 0.7740384615384616 0.6045673076923077 0.07211538461538461 0.06610576923076923
6 0.5432692307692307 0.6081730769230769 0.08173076923076923 0.08052884615384616
6 0.06971153846153846 0.6069711538461539 0.13942307692307693 0.0985576923076923
6 0.11057692307692307 0.6129807692307693 0.1622596153846154 0.09014423076923077
14 0.28846153846153844 0.5805288461538461 0.19591346153846154 0.5685096153846154
14 0.5444711538461539 0.6201923076923077 0.026442307692307692 0.08774038461538461
14 0.9375 0.609375 0.02403846153846154 0.109375
14 0.9230769230769231 0.6141826923076923 0.026442307692307692 0.0985576923076923
14 0.9026442307692307 0.59375 0.021634615384615384 0.07211538461538461
6 0.625 0.5949519230769231 0.04567307692307692 0.042067307692307696