8 0.6742788461538461 0.6165865384615384 0.056490384615384616 0.1814903846153846
8 0.6153846153846154 0.53125 0.04567307692307692 0.12259615384615384
8 0.23076923076923078 0.6382211538461539 0.06610576923076923 0.17307692307692307
8 0.27524038461538464 0.5564903846153846 0.054086538461538464 0.15144230769230768
8 0.33533653846153844 0.4266826923076923 0.026442307692307692 0.09615384615384616
8 0.34615384615384615 0.3954326923076923 0.02403846153846154 0.07211538461538461
8 0.36538461538461536 0.3641826923076923 0.021634615384615384 0.039663461538461536
8 0.5348557692307693 0.4026442307692308 0.038461538461538464 0.11177884615384616
10 0.46274038461538464 0.7319711538461539 0.6418269230769231 0.53125
10 0.43990384615384615 0.41225961538461536 0.1875 0.125
10 0.8665865384615384 0.4338942307692308 0.2620192307692308 0.19471153846153846
10 0.039663461538461536 0.45072115384615385 0.07932692307692307 0.14182692307692307
8 0.016826923076923076 0.45552884615384615 0.03365384615384615 0.12259615384615384
14 0.09975961538461539 0.6670673076923077 0.19951923076923078 0.6610576923076923
14 0.8485576923076923 0.6466346153846154 0.2980769230769231 0.6370192307692307