1 0.6610576923076923 0.7283653846153846 0.1141826923076923 0.07572115384615384
14 0.5925480769230769 0.7127403846153846 0.05048076923076923 0.10576923076923077
14 0.4639423076923077 0.7055288461538461 0.05048076923076923 0.11658653846153846
14 0.36177884615384615 0.7307692307692307 0.056490384615384616 0.05048076923076923
14 0.42908653846153844 0.6862980769230769 0.042067307692307696 0.04807692307692308
14 0.6622596153846154 0.6875 0.05048076923076923 0.05048076923076923
14 0.0829326923076923 0.7103365384615384 0.038461538461538464 0.06850961538461539
14 0.7788461538461539 0.7091346153846154 0.03245192307692308 0.038461538461538464
14 0.8125 0.7223557692307693 0.03245192307692308 0.039663461538461536
14 0.8209134615384616 0.6887019230769231 0.026442307692307692 0.030048076923076924
14 0.8858173076923077 0.7127403846153846 0.02403846153846154 0.05048076923076923
14 0.9074519230769231 0.7043269230769231 0.036057692307692304 0.04447115384615385
14 0.9879807692307693 0.7019230769230769 0.018028846153846152 0.06850961538461539
14 0.5504807692307693 0.7163461538461539 0.07451923076923077 0.09975961538461539
14 0.5324519230769231 0.6802884615384616 0.026442307692307692 0.02403846153846154
14 0.5060096153846154 0.7151442307692307 0.056490384615384616 0.0625
6 0.015625 0.7223557692307693 0.03125 0.055288461538461536
15 0.3004807692307692 0.5637019230769231 0.08413461538461539 0.051682692307692304
15 0.9038461538461539 0.5973557692307693 0.078125 0.04567307692307692